0 GROUND 592 3312 16 16 
1 GROUND 608 3312 16 16 
2 GROUND 624 3312 16 16 
3 GROUND 640 3312 16 16 
4 GROUND 656 3312 16 16 
5 GROUND 672 3312 16 16 
6 GROUND 688 3312 16 16 
7 WALL 592 3168 16 16 
8 WALL 592 3184 16 16 
9 WALL 592 3200 16 16 
10 WALL 592 3216 16 16 
11 WALL 592 3232 16 16 
12 WALL 592 3248 16 16 
13 WALL 592 3264 16 16 
14 WALL 608 3264 16 16 
15 WALL 608 3248 16 16 
16 WALL 608 3232 16 16 
17 WALL 608 3216 16 16 
18 WALL 608 3200 16 16 
19 WALL 672 3200 16 16 
20 WALL 672 3216 16 16 
21 WALL 672 3232 16 16 
22 WALL 672 3248 16 16 
23 WALL 672 3264 16 16 
24 WALL 688 3264 16 16 
25 WALL 688 3248 16 16 
26 WALL 688 3232 16 16 
27 WALL 688 3216 16 16 
28 WALL 688 3200 16 16 
29 WALL 688 3184 16 16 
30 WALL 688 3168 16 16 
31 ZOMMER 592 3152 16 16 
0 GROUND 608 3200 16 16 