0 11341 GROUND 256 896
118 11341 GROUND 240 912
1 11342 GROUND 272 896
2 11342 GROUND 288 896
3 11342 GROUND 304 896
4 11342 GROUND 320 896
5 11342 GROUND 336 896
6 11342 GROUND 352 896
112 11342 GROUND 352 912
115 11342 GROUND 320 912
116 11342 GROUND 304 912
119 11343 GROUND 240 928
120 11343 GROUND 240 944
121 11343 GROUND 240 960
122 11343 GROUND 240 976
113 11344 GROUND 352 928
114 11344 GROUND 352 944
117 11344 GROUND 304 928
7 11431 GROUND 368 896
8 11431 GROUND 384 896
9 11431 GROUND 400 896
10 11431 GROUND 416 896
11 11431 GROUND 432 896
110 11431 GROUND 384 912
111 11431 GROUND 400 912
12 11432 GROUND 448 896
13 11432 GROUND 464 896
14 11432 GROUND 480 896
15 11432 GROUND 496 896
16 11432 GROUND 512 896
17 11432 GROUND 528 896
107 11433 GROUND 432 1040
108 11433 GROUND 416 1040
109 11433 GROUND 400 928
123 11433 GROUND 416 992
124 11433 GROUND 416 1008
125 11433 GROUND 416 1024
126 11433 GROUND 432 976
127 11433 GROUND 432 960
96 11434 GROUND 496 928
97 11434 GROUND 496 944
98 11434 GROUND 496 960
99 11434 GROUND 496 976
100 11434 GROUND 480 976
101 11434 GROUND 480 992
102 11434 GROUND 480 1008
103 11434 GROUND 464 1008
104 11434 GROUND 464 1024
105 11434 GROUND 464 1040
106 11434 GROUND 448 1040
128 11434 GROUND 448 944
129 11434 GROUND 448 928
130 11434 GROUND 464 928
131 11434 GROUND 480 928
140 11434 RIPPER 496 1008
18 11441 GROUND 544 896
19 11441 GROUND 560 896
20 11441 GROUND 576 896
21 11441 GROUND 592 912
22 11441 GROUND 608 912
23 11442 GROUND 640 912
24 11442 GROUND 624 912
25 11442 GROUND 656 912
26 11442 GROUND 672 912
27 11442 GROUND 688 912
28 11442 GROUND 704 896
72 11443 GROUND 592 960
73 11443 GROUND 592 976
74 11443 GROUND 592 992
75 11443 GROUND 592 1008
76 11443 GROUND 592 1024
77 11443 GROUND 592 1040
78 11443 GROUND 592 1056
79 11443 GROUND 608 1024
80 11443 GROUND 608 1008
81 11443 GROUND 608 992
82 11443 GROUND 608 976
83 11443 GROUND 608 960
84 11444 GROUND 672 960
85 11444 GROUND 688 960
86 11444 GROUND 688 976
87 11444 GROUND 672 976
88 11444 GROUND 672 992
89 11444 GROUND 688 992
90 11444 GROUND 688 1008
91 11444 GROUND 672 1008
92 11444 GROUND 672 1024
93 11444 GROUND 688 1024
94 11444 GROUND 688 1040
95 11444 GROUND 688 1056
29 12331 GROUND 720 896
30 12331 GROUND 736 896
31 12331 GROUND 752 896
32 12331 GROUND 784 896
33 12331 GROUND 768 896
34 12332 GROUND 800 896
35 12332 GROUND 816 896
36 12332 GROUND 832 896
37 12332 GROUND 848 896
38 12332 GROUND 864 896
39 12332 GROUND 880 896
137 12333 SKREE 768 1056
40 12341 GROUND 896 896
41 12341 GROUND 912 896
42 12341 GROUND 928 896
43 12341 GROUND 944 896
44 12341 GROUND 960 896
45 12342 GROUND 976 896
46 12342 GROUND 992 896
47 12342 GROUND 1008 896
48 12342 GROUND 1024 896
49 12342 GROUND 1040 896
50 12342 GROUND 1056 896
139 12343 RIO 896 1056
138 12344 SKREE 1024 1056
51 12431 GROUND 1072 896
52 12431 GROUND 1088 896
53 12431 GROUND 1104 896
54 12431 GROUND 1120 896
55 12431 GROUND 1136 896
56 12432 GROUND 1152 896
57 12432 GROUND 1168 896
58 12432 GROUND 1184 896
59 12432 GROUND 1200 896
60 12432 GROUND 1216 896
61 12432 GROUND 1232 896
62 12434 GROUND 1184 976
63 12434 GROUND 1200 976
64 12434 GROUND 1216 976
65 12434 GROUND 1232 976
70 12441 GROUND 1248 912
71 12441 GROUND 1248 896
66 12443 GROUND 1248 976
67 12443 GROUND 1248 960
68 12443 GROUND 1248 944
69 12443 GROUND 1248 928
132 12443 GROUND 1248 1040
133 12443 GROUND 1248 1056
134 14221 GROUND 1248 1072
200 13221 ZOMMER 592 1072
201 13222 ZOMMER 688 1072

