0 0 4224 2816 4224
1 0 2112 1408 2112
11 0 1056 704 1056
111 0 528 352 528
112 352 528 352 528
113 0 1056 352 528
1131 0 792 176 264
1132 176 792 176 264
1133 0 1056 176 264
1134 176 1056 176 264
11341 176 924 88 132
11342 264 924 88 132
11343 176 1056 88 132
11344 264 1056 88 132
114 352 1056 352 528
1141 352 792 176 264
1142 528 792 176 264
1143 352 1056 176 264
11431 352 924 88 132
11432 440 924 88 132
11433 352 1056 88 132
11434 440 1056 88 132
1144 528 1056 176 264
11441 528 924 88 132
11442 616 924 88 132
11443 528 1056 88 132
11444 616 1056 88 132
12 704 1056 704 1056
121 704 528 352 528
122 1056 528 352 528
123 704 1056 352 528
1231 704 792 176 264
1232 880 792 176 264
1233 704 1056 176 264
12331 704 924 88 132
12332 792 924 88 132
12333 704 1056 88 132
12334 792 1056 88 132
1234 880 1056 176 264
12341 880 924 88 132
12342 968 924 88 132
12343 880 1056 88 132
12344 968 1056 88 132
124 1056 1056 352 528
1241 1056 792 176 264
1242 1232 792 176 264
1243 1056 1056 176 264
12431 1056 924 88 132
12432 1144 924 88 132
12433 1056 1056 88 132
12434 1144 1056 88 132
1244 1232 1056 176 264
12441 1232 924 88 132
12442 1320 924 88 132
12443 1232 1056 88 132
12444 1320 1056 88 132
13 0 2112 704 1056
131 0 1584 352 528
132 352 1584 352 528
1321 352 1320 176 264
1322 528 1320 176 264
13221 528 1188 88 132
13222 616 1188 88 132
13223 528 1320 88 132
13224 616 1320 88 132
1323 352 1584 176 264
1324 528 1584 176 264
133 0 2112 352 528
134 352 2112 352 528
14 704 2112 704 1056
141 704 1584 352 528
142 1056 1584 352 528
1421 1056 1320 176 264
1422 1232 1320 176 264
14221 1232 1188 88 132
14222 1320 1188 88 132
14223 1232 1320 88 132
14224 1320 1320 88 132
1423 1056 1584 176 264
1424 1232 1584 176 264
143 704 2112 352 528
144 1056 2112 352 528
2 1408 2112 1408 2112
3 0 4224 1408 2112
4 1408 4224 1408 2112
